{
 "cells": [
  {
   "attachments": {},
   "cell_type": "markdown",
   "metadata": {},
   "source": [
    "Klasyfikacja szkła\n",
    "\n",
    "1. eksploracja danych – przedstaw podstawowe dane statystyczne i uwagi dotyczące cech i etykiet\n",
    "zbioru danych. (10 punktów)\n",
    "2. przygotowanie danych – podziel dane na zestaw uczący i walidacyjny (alternatywnie użyj wali-\n",
    "dacji krzyżowej), zbadaj wpływ różnego typu przetworzenia danych na wyniki klasyfikacji (pro-\n",
    "ponowane: normalizacja, standaryzacja, dyskretyzacja, selekcja cech, PCA) - czyli wykonaj po-\n",
    "równanie wyników bez przetworzenia danych z rezultatami po ich przetworzeniu, wykorzystując\n",
    "co najmniej 2 metody różnego typu (osobno). (30 punktów)\n",
    "Bonus – usuń 5% wartości cech i przygotuj dane stosując metody radzenia sobie z brakującymi\n",
    "danymi. (5 punktów)\n",
    "3. klasyfikacja – przetestuj klasyfikatory i zbadaj wpływ na wyniki: naiwny klasyfikator Bayesa oraz\n",
    "drzewo decyzjne używając przynajmniej 3 różnych zestawów hiperparametrów. (40 punktów)\n",
    "Bonus – Przetestuj (ze zrozumieniem!) bardziej zaawansowane algorytmy, takie jak Las losowy\n",
    "czy Klasyfikator wektorów nośnych (SVM, z ang. Support Vector Machines). (5 punktów)\n",
    "4. ocena klasyfikacji – do porównania wyników różnego typu przygotowania danych oraz wyko-\n",
    "rzystanego klasyfikatora użyj poznanych metryk oceny klasyfikacji i zinterpretuj wyniki. (20\n",
    "punktów)"
   ]
  },
  {
   "cell_type": "code",
   "execution_count": 12,
   "metadata": {},
   "outputs": [
    {
     "data": {
      "text/html": [
       "<div>\n",
       "<style scoped>\n",
       "    .dataframe tbody tr th:only-of-type {\n",
       "        vertical-align: middle;\n",
       "    }\n",
       "\n",
       "    .dataframe tbody tr th {\n",
       "        vertical-align: top;\n",
       "    }\n",
       "\n",
       "    .dataframe thead th {\n",
       "        text-align: right;\n",
       "    }\n",
       "</style>\n",
       "<table border=\"1\" class=\"dataframe\">\n",
       "  <thead>\n",
       "    <tr style=\"text-align: right;\">\n",
       "      <th></th>\n",
       "      <th>0</th>\n",
       "      <th>1</th>\n",
       "      <th>2</th>\n",
       "      <th>3</th>\n",
       "      <th>4</th>\n",
       "      <th>5</th>\n",
       "      <th>6</th>\n",
       "      <th>7</th>\n",
       "      <th>8</th>\n",
       "      <th>9</th>\n",
       "      <th>10</th>\n",
       "    </tr>\n",
       "  </thead>\n",
       "  <tbody>\n",
       "    <tr>\n",
       "      <th>0</th>\n",
       "      <td>1</td>\n",
       "      <td>1.52101</td>\n",
       "      <td>13.64</td>\n",
       "      <td>4.49</td>\n",
       "      <td>1.10</td>\n",
       "      <td>71.78</td>\n",
       "      <td>0.06</td>\n",
       "      <td>8.75</td>\n",
       "      <td>0.0</td>\n",
       "      <td>0.0</td>\n",
       "      <td>1</td>\n",
       "    </tr>\n",
       "    <tr>\n",
       "      <th>1</th>\n",
       "      <td>2</td>\n",
       "      <td>1.51761</td>\n",
       "      <td>13.89</td>\n",
       "      <td>3.60</td>\n",
       "      <td>1.36</td>\n",
       "      <td>72.73</td>\n",
       "      <td>0.48</td>\n",
       "      <td>7.83</td>\n",
       "      <td>0.0</td>\n",
       "      <td>0.0</td>\n",
       "      <td>1</td>\n",
       "    </tr>\n",
       "    <tr>\n",
       "      <th>2</th>\n",
       "      <td>3</td>\n",
       "      <td>1.51618</td>\n",
       "      <td>13.53</td>\n",
       "      <td>3.55</td>\n",
       "      <td>1.54</td>\n",
       "      <td>72.99</td>\n",
       "      <td>0.39</td>\n",
       "      <td>7.78</td>\n",
       "      <td>0.0</td>\n",
       "      <td>0.0</td>\n",
       "      <td>1</td>\n",
       "    </tr>\n",
       "    <tr>\n",
       "      <th>3</th>\n",
       "      <td>4</td>\n",
       "      <td>1.51766</td>\n",
       "      <td>13.21</td>\n",
       "      <td>3.69</td>\n",
       "      <td>1.29</td>\n",
       "      <td>72.61</td>\n",
       "      <td>0.57</td>\n",
       "      <td>8.22</td>\n",
       "      <td>0.0</td>\n",
       "      <td>0.0</td>\n",
       "      <td>1</td>\n",
       "    </tr>\n",
       "    <tr>\n",
       "      <th>4</th>\n",
       "      <td>5</td>\n",
       "      <td>1.51742</td>\n",
       "      <td>13.27</td>\n",
       "      <td>3.62</td>\n",
       "      <td>1.24</td>\n",
       "      <td>73.08</td>\n",
       "      <td>0.55</td>\n",
       "      <td>8.07</td>\n",
       "      <td>0.0</td>\n",
       "      <td>0.0</td>\n",
       "      <td>1</td>\n",
       "    </tr>\n",
       "  </tbody>\n",
       "</table>\n",
       "</div>"
      ],
      "text/plain": [
       "   0        1      2     3     4      5     6     7    8    9   10\n",
       "0   1  1.52101  13.64  4.49  1.10  71.78  0.06  8.75  0.0  0.0   1\n",
       "1   2  1.51761  13.89  3.60  1.36  72.73  0.48  7.83  0.0  0.0   1\n",
       "2   3  1.51618  13.53  3.55  1.54  72.99  0.39  7.78  0.0  0.0   1\n",
       "3   4  1.51766  13.21  3.69  1.29  72.61  0.57  8.22  0.0  0.0   1\n",
       "4   5  1.51742  13.27  3.62  1.24  73.08  0.55  8.07  0.0  0.0   1"
      ]
     },
     "execution_count": 12,
     "metadata": {},
     "output_type": "execute_result"
    }
   ],
   "source": [
    "import pandas as pd\n",
    "\n",
    "data = pd.read_csv('glass.data', header=None)\n",
    "data.head()"
   ]
  },
  {
   "cell_type": "code",
   "execution_count": 13,
   "metadata": {},
   "outputs": [
    {
     "data": {
      "text/plain": [
       "(214, 11)"
      ]
     },
     "execution_count": 13,
     "metadata": {},
     "output_type": "execute_result"
    }
   ],
   "source": [
    "data.shape"
   ]
  },
  {
   "attachments": {},
   "cell_type": "markdown",
   "metadata": {},
   "source": [
    "Before browsing data statistics, we add headers to understand the data"
   ]
  },
  {
   "cell_type": "code",
   "execution_count": 14,
   "metadata": {},
   "outputs": [
    {
     "data": {
      "text/html": [
       "<div>\n",
       "<style scoped>\n",
       "    .dataframe tbody tr th:only-of-type {\n",
       "        vertical-align: middle;\n",
       "    }\n",
       "\n",
       "    .dataframe tbody tr th {\n",
       "        vertical-align: top;\n",
       "    }\n",
       "\n",
       "    .dataframe thead th {\n",
       "        text-align: right;\n",
       "    }\n",
       "</style>\n",
       "<table border=\"1\" class=\"dataframe\">\n",
       "  <thead>\n",
       "    <tr style=\"text-align: right;\">\n",
       "      <th></th>\n",
       "      <th>Id</th>\n",
       "      <th>RI</th>\n",
       "      <th>Na</th>\n",
       "      <th>Mg</th>\n",
       "      <th>Al</th>\n",
       "      <th>Si</th>\n",
       "      <th>K</th>\n",
       "      <th>Ca</th>\n",
       "      <th>Ba</th>\n",
       "      <th>Fe</th>\n",
       "      <th>glass_type</th>\n",
       "    </tr>\n",
       "  </thead>\n",
       "  <tbody>\n",
       "    <tr>\n",
       "      <th>0</th>\n",
       "      <td>1</td>\n",
       "      <td>1.52101</td>\n",
       "      <td>13.64</td>\n",
       "      <td>4.49</td>\n",
       "      <td>1.10</td>\n",
       "      <td>71.78</td>\n",
       "      <td>0.06</td>\n",
       "      <td>8.75</td>\n",
       "      <td>0.0</td>\n",
       "      <td>0.0</td>\n",
       "      <td>1</td>\n",
       "    </tr>\n",
       "    <tr>\n",
       "      <th>1</th>\n",
       "      <td>2</td>\n",
       "      <td>1.51761</td>\n",
       "      <td>13.89</td>\n",
       "      <td>3.60</td>\n",
       "      <td>1.36</td>\n",
       "      <td>72.73</td>\n",
       "      <td>0.48</td>\n",
       "      <td>7.83</td>\n",
       "      <td>0.0</td>\n",
       "      <td>0.0</td>\n",
       "      <td>1</td>\n",
       "    </tr>\n",
       "    <tr>\n",
       "      <th>2</th>\n",
       "      <td>3</td>\n",
       "      <td>1.51618</td>\n",
       "      <td>13.53</td>\n",
       "      <td>3.55</td>\n",
       "      <td>1.54</td>\n",
       "      <td>72.99</td>\n",
       "      <td>0.39</td>\n",
       "      <td>7.78</td>\n",
       "      <td>0.0</td>\n",
       "      <td>0.0</td>\n",
       "      <td>1</td>\n",
       "    </tr>\n",
       "    <tr>\n",
       "      <th>3</th>\n",
       "      <td>4</td>\n",
       "      <td>1.51766</td>\n",
       "      <td>13.21</td>\n",
       "      <td>3.69</td>\n",
       "      <td>1.29</td>\n",
       "      <td>72.61</td>\n",
       "      <td>0.57</td>\n",
       "      <td>8.22</td>\n",
       "      <td>0.0</td>\n",
       "      <td>0.0</td>\n",
       "      <td>1</td>\n",
       "    </tr>\n",
       "    <tr>\n",
       "      <th>4</th>\n",
       "      <td>5</td>\n",
       "      <td>1.51742</td>\n",
       "      <td>13.27</td>\n",
       "      <td>3.62</td>\n",
       "      <td>1.24</td>\n",
       "      <td>73.08</td>\n",
       "      <td>0.55</td>\n",
       "      <td>8.07</td>\n",
       "      <td>0.0</td>\n",
       "      <td>0.0</td>\n",
       "      <td>1</td>\n",
       "    </tr>\n",
       "  </tbody>\n",
       "</table>\n",
       "</div>"
      ],
      "text/plain": [
       "   Id       RI     Na    Mg    Al     Si     K    Ca   Ba   Fe  glass_type\n",
       "0   1  1.52101  13.64  4.49  1.10  71.78  0.06  8.75  0.0  0.0           1\n",
       "1   2  1.51761  13.89  3.60  1.36  72.73  0.48  7.83  0.0  0.0           1\n",
       "2   3  1.51618  13.53  3.55  1.54  72.99  0.39  7.78  0.0  0.0           1\n",
       "3   4  1.51766  13.21  3.69  1.29  72.61  0.57  8.22  0.0  0.0           1\n",
       "4   5  1.51742  13.27  3.62  1.24  73.08  0.55  8.07  0.0  0.0           1"
      ]
     },
     "execution_count": 14,
     "metadata": {},
     "output_type": "execute_result"
    }
   ],
   "source": [
    "header_names = ['Id','RI','Na','Mg','Al','Si','K','Ca','Ba','Fe','glass_type']\n",
    "data.columns = header_names\n",
    "data.head()"
   ]
  },
  {
   "attachments": {},
   "cell_type": "markdown",
   "metadata": {},
   "source": [
    "... and remove Id because we do not need to calculate median Id etc."
   ]
  },
  {
   "cell_type": "code",
   "execution_count": 15,
   "metadata": {},
   "outputs": [
    {
     "data": {
      "text/html": [
       "<div>\n",
       "<style scoped>\n",
       "    .dataframe tbody tr th:only-of-type {\n",
       "        vertical-align: middle;\n",
       "    }\n",
       "\n",
       "    .dataframe tbody tr th {\n",
       "        vertical-align: top;\n",
       "    }\n",
       "\n",
       "    .dataframe thead th {\n",
       "        text-align: right;\n",
       "    }\n",
       "</style>\n",
       "<table border=\"1\" class=\"dataframe\">\n",
       "  <thead>\n",
       "    <tr style=\"text-align: right;\">\n",
       "      <th></th>\n",
       "      <th>RI</th>\n",
       "      <th>Na</th>\n",
       "      <th>Mg</th>\n",
       "      <th>Al</th>\n",
       "      <th>Si</th>\n",
       "      <th>K</th>\n",
       "      <th>Ca</th>\n",
       "      <th>Ba</th>\n",
       "      <th>Fe</th>\n",
       "      <th>glass_type</th>\n",
       "    </tr>\n",
       "  </thead>\n",
       "  <tbody>\n",
       "    <tr>\n",
       "      <th>0</th>\n",
       "      <td>1.52101</td>\n",
       "      <td>13.64</td>\n",
       "      <td>4.49</td>\n",
       "      <td>1.10</td>\n",
       "      <td>71.78</td>\n",
       "      <td>0.06</td>\n",
       "      <td>8.75</td>\n",
       "      <td>0.0</td>\n",
       "      <td>0.0</td>\n",
       "      <td>1</td>\n",
       "    </tr>\n",
       "    <tr>\n",
       "      <th>1</th>\n",
       "      <td>1.51761</td>\n",
       "      <td>13.89</td>\n",
       "      <td>3.60</td>\n",
       "      <td>1.36</td>\n",
       "      <td>72.73</td>\n",
       "      <td>0.48</td>\n",
       "      <td>7.83</td>\n",
       "      <td>0.0</td>\n",
       "      <td>0.0</td>\n",
       "      <td>1</td>\n",
       "    </tr>\n",
       "    <tr>\n",
       "      <th>2</th>\n",
       "      <td>1.51618</td>\n",
       "      <td>13.53</td>\n",
       "      <td>3.55</td>\n",
       "      <td>1.54</td>\n",
       "      <td>72.99</td>\n",
       "      <td>0.39</td>\n",
       "      <td>7.78</td>\n",
       "      <td>0.0</td>\n",
       "      <td>0.0</td>\n",
       "      <td>1</td>\n",
       "    </tr>\n",
       "    <tr>\n",
       "      <th>3</th>\n",
       "      <td>1.51766</td>\n",
       "      <td>13.21</td>\n",
       "      <td>3.69</td>\n",
       "      <td>1.29</td>\n",
       "      <td>72.61</td>\n",
       "      <td>0.57</td>\n",
       "      <td>8.22</td>\n",
       "      <td>0.0</td>\n",
       "      <td>0.0</td>\n",
       "      <td>1</td>\n",
       "    </tr>\n",
       "    <tr>\n",
       "      <th>4</th>\n",
       "      <td>1.51742</td>\n",
       "      <td>13.27</td>\n",
       "      <td>3.62</td>\n",
       "      <td>1.24</td>\n",
       "      <td>73.08</td>\n",
       "      <td>0.55</td>\n",
       "      <td>8.07</td>\n",
       "      <td>0.0</td>\n",
       "      <td>0.0</td>\n",
       "      <td>1</td>\n",
       "    </tr>\n",
       "  </tbody>\n",
       "</table>\n",
       "</div>"
      ],
      "text/plain": [
       "        RI     Na    Mg    Al     Si     K    Ca   Ba   Fe  glass_type\n",
       "0  1.52101  13.64  4.49  1.10  71.78  0.06  8.75  0.0  0.0           1\n",
       "1  1.51761  13.89  3.60  1.36  72.73  0.48  7.83  0.0  0.0           1\n",
       "2  1.51618  13.53  3.55  1.54  72.99  0.39  7.78  0.0  0.0           1\n",
       "3  1.51766  13.21  3.69  1.29  72.61  0.57  8.22  0.0  0.0           1\n",
       "4  1.51742  13.27  3.62  1.24  73.08  0.55  8.07  0.0  0.0           1"
      ]
     },
     "execution_count": 15,
     "metadata": {},
     "output_type": "execute_result"
    }
   ],
   "source": [
    "data = data.drop('Id',axis=1)\n",
    "data.head()"
   ]
  },
  {
   "cell_type": "code",
   "execution_count": 16,
   "metadata": {},
   "outputs": [
    {
     "name": "stdout",
     "output_type": "stream",
     "text": [
      "<class 'pandas.core.frame.DataFrame'>\n",
      "RangeIndex: 214 entries, 0 to 213\n",
      "Data columns (total 10 columns):\n",
      " #   Column      Non-Null Count  Dtype  \n",
      "---  ------      --------------  -----  \n",
      " 0   RI          214 non-null    float64\n",
      " 1   Na          214 non-null    float64\n",
      " 2   Mg          214 non-null    float64\n",
      " 3   Al          214 non-null    float64\n",
      " 4   Si          214 non-null    float64\n",
      " 5   K           214 non-null    float64\n",
      " 6   Ca          214 non-null    float64\n",
      " 7   Ba          214 non-null    float64\n",
      " 8   Fe          214 non-null    float64\n",
      " 9   glass_type  214 non-null    int64  \n",
      "dtypes: float64(9), int64(1)\n",
      "memory usage: 16.8 KB\n"
     ]
    }
   ],
   "source": [
    "data.info()"
   ]
  },
  {
   "cell_type": "code",
   "execution_count": 17,
   "metadata": {},
   "outputs": [
    {
     "data": {
      "text/html": [
       "<div>\n",
       "<style scoped>\n",
       "    .dataframe tbody tr th:only-of-type {\n",
       "        vertical-align: middle;\n",
       "    }\n",
       "\n",
       "    .dataframe tbody tr th {\n",
       "        vertical-align: top;\n",
       "    }\n",
       "\n",
       "    .dataframe thead th {\n",
       "        text-align: right;\n",
       "    }\n",
       "</style>\n",
       "<table border=\"1\" class=\"dataframe\">\n",
       "  <thead>\n",
       "    <tr style=\"text-align: right;\">\n",
       "      <th></th>\n",
       "      <th>RI</th>\n",
       "      <th>Na</th>\n",
       "      <th>Mg</th>\n",
       "      <th>Al</th>\n",
       "      <th>Si</th>\n",
       "      <th>K</th>\n",
       "      <th>Ca</th>\n",
       "      <th>Ba</th>\n",
       "      <th>Fe</th>\n",
       "      <th>glass_type</th>\n",
       "    </tr>\n",
       "  </thead>\n",
       "  <tbody>\n",
       "    <tr>\n",
       "      <th>count</th>\n",
       "      <td>214.000000</td>\n",
       "      <td>214.000000</td>\n",
       "      <td>214.000000</td>\n",
       "      <td>214.000000</td>\n",
       "      <td>214.000000</td>\n",
       "      <td>214.000000</td>\n",
       "      <td>214.000000</td>\n",
       "      <td>214.000000</td>\n",
       "      <td>214.000000</td>\n",
       "      <td>214.000000</td>\n",
       "    </tr>\n",
       "    <tr>\n",
       "      <th>mean</th>\n",
       "      <td>1.518365</td>\n",
       "      <td>13.407850</td>\n",
       "      <td>2.684533</td>\n",
       "      <td>1.444907</td>\n",
       "      <td>72.650935</td>\n",
       "      <td>0.497056</td>\n",
       "      <td>8.956963</td>\n",
       "      <td>0.175047</td>\n",
       "      <td>0.057009</td>\n",
       "      <td>2.780374</td>\n",
       "    </tr>\n",
       "    <tr>\n",
       "      <th>std</th>\n",
       "      <td>0.003037</td>\n",
       "      <td>0.816604</td>\n",
       "      <td>1.442408</td>\n",
       "      <td>0.499270</td>\n",
       "      <td>0.774546</td>\n",
       "      <td>0.652192</td>\n",
       "      <td>1.423153</td>\n",
       "      <td>0.497219</td>\n",
       "      <td>0.097439</td>\n",
       "      <td>2.103739</td>\n",
       "    </tr>\n",
       "    <tr>\n",
       "      <th>min</th>\n",
       "      <td>1.511150</td>\n",
       "      <td>10.730000</td>\n",
       "      <td>0.000000</td>\n",
       "      <td>0.290000</td>\n",
       "      <td>69.810000</td>\n",
       "      <td>0.000000</td>\n",
       "      <td>5.430000</td>\n",
       "      <td>0.000000</td>\n",
       "      <td>0.000000</td>\n",
       "      <td>1.000000</td>\n",
       "    </tr>\n",
       "    <tr>\n",
       "      <th>25%</th>\n",
       "      <td>1.516522</td>\n",
       "      <td>12.907500</td>\n",
       "      <td>2.115000</td>\n",
       "      <td>1.190000</td>\n",
       "      <td>72.280000</td>\n",
       "      <td>0.122500</td>\n",
       "      <td>8.240000</td>\n",
       "      <td>0.000000</td>\n",
       "      <td>0.000000</td>\n",
       "      <td>1.000000</td>\n",
       "    </tr>\n",
       "    <tr>\n",
       "      <th>50%</th>\n",
       "      <td>1.517680</td>\n",
       "      <td>13.300000</td>\n",
       "      <td>3.480000</td>\n",
       "      <td>1.360000</td>\n",
       "      <td>72.790000</td>\n",
       "      <td>0.555000</td>\n",
       "      <td>8.600000</td>\n",
       "      <td>0.000000</td>\n",
       "      <td>0.000000</td>\n",
       "      <td>2.000000</td>\n",
       "    </tr>\n",
       "    <tr>\n",
       "      <th>75%</th>\n",
       "      <td>1.519157</td>\n",
       "      <td>13.825000</td>\n",
       "      <td>3.600000</td>\n",
       "      <td>1.630000</td>\n",
       "      <td>73.087500</td>\n",
       "      <td>0.610000</td>\n",
       "      <td>9.172500</td>\n",
       "      <td>0.000000</td>\n",
       "      <td>0.100000</td>\n",
       "      <td>3.000000</td>\n",
       "    </tr>\n",
       "    <tr>\n",
       "      <th>max</th>\n",
       "      <td>1.533930</td>\n",
       "      <td>17.380000</td>\n",
       "      <td>4.490000</td>\n",
       "      <td>3.500000</td>\n",
       "      <td>75.410000</td>\n",
       "      <td>6.210000</td>\n",
       "      <td>16.190000</td>\n",
       "      <td>3.150000</td>\n",
       "      <td>0.510000</td>\n",
       "      <td>7.000000</td>\n",
       "    </tr>\n",
       "  </tbody>\n",
       "</table>\n",
       "</div>"
      ],
      "text/plain": [
       "               RI          Na          Mg          Al          Si           K  \\\n",
       "count  214.000000  214.000000  214.000000  214.000000  214.000000  214.000000   \n",
       "mean     1.518365   13.407850    2.684533    1.444907   72.650935    0.497056   \n",
       "std      0.003037    0.816604    1.442408    0.499270    0.774546    0.652192   \n",
       "min      1.511150   10.730000    0.000000    0.290000   69.810000    0.000000   \n",
       "25%      1.516522   12.907500    2.115000    1.190000   72.280000    0.122500   \n",
       "50%      1.517680   13.300000    3.480000    1.360000   72.790000    0.555000   \n",
       "75%      1.519157   13.825000    3.600000    1.630000   73.087500    0.610000   \n",
       "max      1.533930   17.380000    4.490000    3.500000   75.410000    6.210000   \n",
       "\n",
       "               Ca          Ba          Fe  glass_type  \n",
       "count  214.000000  214.000000  214.000000  214.000000  \n",
       "mean     8.956963    0.175047    0.057009    2.780374  \n",
       "std      1.423153    0.497219    0.097439    2.103739  \n",
       "min      5.430000    0.000000    0.000000    1.000000  \n",
       "25%      8.240000    0.000000    0.000000    1.000000  \n",
       "50%      8.600000    0.000000    0.000000    2.000000  \n",
       "75%      9.172500    0.000000    0.100000    3.000000  \n",
       "max     16.190000    3.150000    0.510000    7.000000  "
      ]
     },
     "execution_count": 17,
     "metadata": {},
     "output_type": "execute_result"
    }
   ],
   "source": [
    "data.describe()"
   ]
  },
  {
   "cell_type": "code",
   "execution_count": 18,
   "metadata": {},
   "outputs": [],
   "source": [
    "features = ['RI','Na','Mg','Al','Si','K','Ca','Ba','Fe']\n",
    "label = ['glass_type']\n",
    "\n",
    "X = data[features]\n",
    "\n",
    "y = data[label]"
   ]
  },
  {
   "cell_type": "code",
   "execution_count": 19,
   "metadata": {},
   "outputs": [
    {
     "data": {
      "text/html": [
       "<div>\n",
       "<style scoped>\n",
       "    .dataframe tbody tr th:only-of-type {\n",
       "        vertical-align: middle;\n",
       "    }\n",
       "\n",
       "    .dataframe tbody tr th {\n",
       "        vertical-align: top;\n",
       "    }\n",
       "\n",
       "    .dataframe thead th {\n",
       "        text-align: right;\n",
       "    }\n",
       "</style>\n",
       "<table border=\"1\" class=\"dataframe\">\n",
       "  <thead>\n",
       "    <tr style=\"text-align: right;\">\n",
       "      <th></th>\n",
       "      <th>RI</th>\n",
       "      <th>Na</th>\n",
       "      <th>Mg</th>\n",
       "      <th>Al</th>\n",
       "      <th>Si</th>\n",
       "      <th>K</th>\n",
       "      <th>Ca</th>\n",
       "      <th>Ba</th>\n",
       "      <th>Fe</th>\n",
       "    </tr>\n",
       "  </thead>\n",
       "  <tbody>\n",
       "    <tr>\n",
       "      <th>0</th>\n",
       "      <td>1.52101</td>\n",
       "      <td>13.64</td>\n",
       "      <td>4.49</td>\n",
       "      <td>1.10</td>\n",
       "      <td>71.78</td>\n",
       "      <td>0.06</td>\n",
       "      <td>8.75</td>\n",
       "      <td>0.0</td>\n",
       "      <td>0.0</td>\n",
       "    </tr>\n",
       "    <tr>\n",
       "      <th>1</th>\n",
       "      <td>1.51761</td>\n",
       "      <td>13.89</td>\n",
       "      <td>3.60</td>\n",
       "      <td>1.36</td>\n",
       "      <td>72.73</td>\n",
       "      <td>0.48</td>\n",
       "      <td>7.83</td>\n",
       "      <td>0.0</td>\n",
       "      <td>0.0</td>\n",
       "    </tr>\n",
       "    <tr>\n",
       "      <th>2</th>\n",
       "      <td>1.51618</td>\n",
       "      <td>13.53</td>\n",
       "      <td>3.55</td>\n",
       "      <td>1.54</td>\n",
       "      <td>72.99</td>\n",
       "      <td>0.39</td>\n",
       "      <td>7.78</td>\n",
       "      <td>0.0</td>\n",
       "      <td>0.0</td>\n",
       "    </tr>\n",
       "    <tr>\n",
       "      <th>3</th>\n",
       "      <td>1.51766</td>\n",
       "      <td>13.21</td>\n",
       "      <td>3.69</td>\n",
       "      <td>1.29</td>\n",
       "      <td>72.61</td>\n",
       "      <td>0.57</td>\n",
       "      <td>8.22</td>\n",
       "      <td>0.0</td>\n",
       "      <td>0.0</td>\n",
       "    </tr>\n",
       "    <tr>\n",
       "      <th>4</th>\n",
       "      <td>1.51742</td>\n",
       "      <td>13.27</td>\n",
       "      <td>3.62</td>\n",
       "      <td>1.24</td>\n",
       "      <td>73.08</td>\n",
       "      <td>0.55</td>\n",
       "      <td>8.07</td>\n",
       "      <td>0.0</td>\n",
       "      <td>0.0</td>\n",
       "    </tr>\n",
       "  </tbody>\n",
       "</table>\n",
       "</div>"
      ],
      "text/plain": [
       "        RI     Na    Mg    Al     Si     K    Ca   Ba   Fe\n",
       "0  1.52101  13.64  4.49  1.10  71.78  0.06  8.75  0.0  0.0\n",
       "1  1.51761  13.89  3.60  1.36  72.73  0.48  7.83  0.0  0.0\n",
       "2  1.51618  13.53  3.55  1.54  72.99  0.39  7.78  0.0  0.0\n",
       "3  1.51766  13.21  3.69  1.29  72.61  0.57  8.22  0.0  0.0\n",
       "4  1.51742  13.27  3.62  1.24  73.08  0.55  8.07  0.0  0.0"
      ]
     },
     "execution_count": 19,
     "metadata": {},
     "output_type": "execute_result"
    }
   ],
   "source": [
    "X.head()"
   ]
  },
  {
   "cell_type": "code",
   "execution_count": 20,
   "metadata": {},
   "outputs": [
    {
     "data": {
      "text/html": [
       "<div>\n",
       "<style scoped>\n",
       "    .dataframe tbody tr th:only-of-type {\n",
       "        vertical-align: middle;\n",
       "    }\n",
       "\n",
       "    .dataframe tbody tr th {\n",
       "        vertical-align: top;\n",
       "    }\n",
       "\n",
       "    .dataframe thead th {\n",
       "        text-align: right;\n",
       "    }\n",
       "</style>\n",
       "<table border=\"1\" class=\"dataframe\">\n",
       "  <thead>\n",
       "    <tr style=\"text-align: right;\">\n",
       "      <th></th>\n",
       "      <th>glass_type</th>\n",
       "    </tr>\n",
       "  </thead>\n",
       "  <tbody>\n",
       "    <tr>\n",
       "      <th>209</th>\n",
       "      <td>7</td>\n",
       "    </tr>\n",
       "    <tr>\n",
       "      <th>210</th>\n",
       "      <td>7</td>\n",
       "    </tr>\n",
       "    <tr>\n",
       "      <th>211</th>\n",
       "      <td>7</td>\n",
       "    </tr>\n",
       "    <tr>\n",
       "      <th>212</th>\n",
       "      <td>7</td>\n",
       "    </tr>\n",
       "    <tr>\n",
       "      <th>213</th>\n",
       "      <td>7</td>\n",
       "    </tr>\n",
       "  </tbody>\n",
       "</table>\n",
       "</div>"
      ],
      "text/plain": [
       "     glass_type\n",
       "209           7\n",
       "210           7\n",
       "211           7\n",
       "212           7\n",
       "213           7"
      ]
     },
     "execution_count": 20,
     "metadata": {},
     "output_type": "execute_result"
    }
   ],
   "source": [
    "y.tail()"
   ]
  },
  {
   "cell_type": "code",
   "execution_count": 21,
   "metadata": {},
   "outputs": [
    {
     "data": {
      "application/vnd.plotly.v1+json": {
       "config": {
        "plotlyServerURL": "https://plot.ly"
       },
       "data": [
        {
         "text": [
          [
           1,
           -0.1918853790389474,
           -0.1222740393281394,
           -0.40732603408142937,
           -0.5420521997085237,
           -0.28983271114395565,
           0.8104026963400808,
           -0.0003860189122512121,
           0.14300960927756784
          ],
          [
           -0.1918853790389474,
           1,
           -0.2737319607813619,
           0.15679366719661342,
           -0.06980880647737263,
           -0.26608650428059144,
           -0.275442485642213,
           0.32660287947488414,
           -0.24134641147947908
          ],
          [
           -0.1222740393281394,
           -0.2737319607813619,
           1,
           -0.4817985090103621,
           -0.16592672252894639,
           0.005395667281910057,
           -0.44375002639692884,
           -0.49226211782642293,
           0.08305952893240875
          ],
          [
           -0.40732603408142937,
           0.15679366719661342,
           -0.4817985090103621,
           1,
           -0.0055237204174296535,
           0.32595844571056365,
           -0.2595920102323989,
           0.47940390170457403,
           -0.07440215085352755
          ],
          [
           -0.5420521997085237,
           -0.06980880647737263,
           -0.16592672252894639,
           -0.0055237204174296535,
           1,
           -0.19333085435352146,
           -0.20873215372583626,
           -0.10215131047413584,
           -0.09420073050837253
          ],
          [
           -0.28983271114395565,
           -0.26608650428059144,
           0.005395667281910057,
           0.32595844571056365,
           -0.19333085435352146,
           1,
           -0.3178361546622146,
           -0.04261805935883571,
           -0.007719049124831863
          ],
          [
           0.8104026963400808,
           -0.275442485642213,
           -0.44375002639692884,
           -0.2595920102323989,
           -0.20873215372583626,
           -0.3178361546622146,
           1,
           -0.11284096712147089,
           0.12496821896849244
          ],
          [
           -0.0003860189122512121,
           0.32660287947488414,
           -0.49226211782642293,
           0.47940390170457403,
           -0.10215131047413584,
           -0.04261805935883571,
           -0.11284096712147089,
           1,
           -0.05869175540889599
          ],
          [
           0.14300960927756784,
           -0.24134641147947908,
           0.08305952893240875,
           -0.07440215085352755,
           -0.09420073050837253,
           -0.007719049124831863,
           0.12496821896849244,
           -0.05869175540889599,
           1
          ]
         ],
         "texttemplate": "%{text:.2f}",
         "type": "heatmap",
         "x": [
          "RI",
          "Na",
          "Mg",
          "Al",
          "Si",
          "K",
          "Ca",
          "Ba",
          "Fe"
         ],
         "y": [
          "RI",
          "Na",
          "Mg",
          "Al",
          "Si",
          "K",
          "Ca",
          "Ba",
          "Fe"
         ],
         "z": [
          [
           1,
           -0.1918853790389474,
           -0.1222740393281394,
           -0.40732603408142937,
           -0.5420521997085237,
           -0.28983271114395565,
           0.8104026963400808,
           -0.0003860189122512121,
           0.14300960927756784
          ],
          [
           -0.1918853790389474,
           1,
           -0.2737319607813619,
           0.15679366719661342,
           -0.06980880647737263,
           -0.26608650428059144,
           -0.275442485642213,
           0.32660287947488414,
           -0.24134641147947908
          ],
          [
           -0.1222740393281394,
           -0.2737319607813619,
           1,
           -0.4817985090103621,
           -0.16592672252894639,
           0.005395667281910057,
           -0.44375002639692884,
           -0.49226211782642293,
           0.08305952893240875
          ],
          [
           -0.40732603408142937,
           0.15679366719661342,
           -0.4817985090103621,
           1,
           -0.0055237204174296535,
           0.32595844571056365,
           -0.2595920102323989,
           0.47940390170457403,
           -0.07440215085352755
          ],
          [
           -0.5420521997085237,
           -0.06980880647737263,
           -0.16592672252894639,
           -0.0055237204174296535,
           1,
           -0.19333085435352146,
           -0.20873215372583626,
           -0.10215131047413584,
           -0.09420073050837253
          ],
          [
           -0.28983271114395565,
           -0.26608650428059144,
           0.005395667281910057,
           0.32595844571056365,
           -0.19333085435352146,
           1,
           -0.3178361546622146,
           -0.04261805935883571,
           -0.007719049124831863
          ],
          [
           0.8104026963400808,
           -0.275442485642213,
           -0.44375002639692884,
           -0.2595920102323989,
           -0.20873215372583626,
           -0.3178361546622146,
           1,
           -0.11284096712147089,
           0.12496821896849244
          ],
          [
           -0.0003860189122512121,
           0.32660287947488414,
           -0.49226211782642293,
           0.47940390170457403,
           -0.10215131047413584,
           -0.04261805935883571,
           -0.11284096712147089,
           1,
           -0.05869175540889599
          ],
          [
           0.14300960927756784,
           -0.24134641147947908,
           0.08305952893240875,
           -0.07440215085352755,
           -0.09420073050837253,
           -0.007719049124831863,
           0.12496821896849244,
           -0.05869175540889599,
           1
          ]
         ]
        }
       ],
       "layout": {
        "template": {
         "data": {
          "bar": [
           {
            "error_x": {
             "color": "#2a3f5f"
            },
            "error_y": {
             "color": "#2a3f5f"
            },
            "marker": {
             "line": {
              "color": "#E5ECF6",
              "width": 0.5
             },
             "pattern": {
              "fillmode": "overlay",
              "size": 10,
              "solidity": 0.2
             }
            },
            "type": "bar"
           }
          ],
          "barpolar": [
           {
            "marker": {
             "line": {
              "color": "#E5ECF6",
              "width": 0.5
             },
             "pattern": {
              "fillmode": "overlay",
              "size": 10,
              "solidity": 0.2
             }
            },
            "type": "barpolar"
           }
          ],
          "carpet": [
           {
            "aaxis": {
             "endlinecolor": "#2a3f5f",
             "gridcolor": "white",
             "linecolor": "white",
             "minorgridcolor": "white",
             "startlinecolor": "#2a3f5f"
            },
            "baxis": {
             "endlinecolor": "#2a3f5f",
             "gridcolor": "white",
             "linecolor": "white",
             "minorgridcolor": "white",
             "startlinecolor": "#2a3f5f"
            },
            "type": "carpet"
           }
          ],
          "choropleth": [
           {
            "colorbar": {
             "outlinewidth": 0,
             "ticks": ""
            },
            "type": "choropleth"
           }
          ],
          "contour": [
           {
            "colorbar": {
             "outlinewidth": 0,
             "ticks": ""
            },
            "colorscale": [
             [
              0,
              "#0d0887"
             ],
             [
              0.1111111111111111,
              "#46039f"
             ],
             [
              0.2222222222222222,
              "#7201a8"
             ],
             [
              0.3333333333333333,
              "#9c179e"
             ],
             [
              0.4444444444444444,
              "#bd3786"
             ],
             [
              0.5555555555555556,
              "#d8576b"
             ],
             [
              0.6666666666666666,
              "#ed7953"
             ],
             [
              0.7777777777777778,
              "#fb9f3a"
             ],
             [
              0.8888888888888888,
              "#fdca26"
             ],
             [
              1,
              "#f0f921"
             ]
            ],
            "type": "contour"
           }
          ],
          "contourcarpet": [
           {
            "colorbar": {
             "outlinewidth": 0,
             "ticks": ""
            },
            "type": "contourcarpet"
           }
          ],
          "heatmap": [
           {
            "colorbar": {
             "outlinewidth": 0,
             "ticks": ""
            },
            "colorscale": [
             [
              0,
              "#0d0887"
             ],
             [
              0.1111111111111111,
              "#46039f"
             ],
             [
              0.2222222222222222,
              "#7201a8"
             ],
             [
              0.3333333333333333,
              "#9c179e"
             ],
             [
              0.4444444444444444,
              "#bd3786"
             ],
             [
              0.5555555555555556,
              "#d8576b"
             ],
             [
              0.6666666666666666,
              "#ed7953"
             ],
             [
              0.7777777777777778,
              "#fb9f3a"
             ],
             [
              0.8888888888888888,
              "#fdca26"
             ],
             [
              1,
              "#f0f921"
             ]
            ],
            "type": "heatmap"
           }
          ],
          "heatmapgl": [
           {
            "colorbar": {
             "outlinewidth": 0,
             "ticks": ""
            },
            "colorscale": [
             [
              0,
              "#0d0887"
             ],
             [
              0.1111111111111111,
              "#46039f"
             ],
             [
              0.2222222222222222,
              "#7201a8"
             ],
             [
              0.3333333333333333,
              "#9c179e"
             ],
             [
              0.4444444444444444,
              "#bd3786"
             ],
             [
              0.5555555555555556,
              "#d8576b"
             ],
             [
              0.6666666666666666,
              "#ed7953"
             ],
             [
              0.7777777777777778,
              "#fb9f3a"
             ],
             [
              0.8888888888888888,
              "#fdca26"
             ],
             [
              1,
              "#f0f921"
             ]
            ],
            "type": "heatmapgl"
           }
          ],
          "histogram": [
           {
            "marker": {
             "pattern": {
              "fillmode": "overlay",
              "size": 10,
              "solidity": 0.2
             }
            },
            "type": "histogram"
           }
          ],
          "histogram2d": [
           {
            "colorbar": {
             "outlinewidth": 0,
             "ticks": ""
            },
            "colorscale": [
             [
              0,
              "#0d0887"
             ],
             [
              0.1111111111111111,
              "#46039f"
             ],
             [
              0.2222222222222222,
              "#7201a8"
             ],
             [
              0.3333333333333333,
              "#9c179e"
             ],
             [
              0.4444444444444444,
              "#bd3786"
             ],
             [
              0.5555555555555556,
              "#d8576b"
             ],
             [
              0.6666666666666666,
              "#ed7953"
             ],
             [
              0.7777777777777778,
              "#fb9f3a"
             ],
             [
              0.8888888888888888,
              "#fdca26"
             ],
             [
              1,
              "#f0f921"
             ]
            ],
            "type": "histogram2d"
           }
          ],
          "histogram2dcontour": [
           {
            "colorbar": {
             "outlinewidth": 0,
             "ticks": ""
            },
            "colorscale": [
             [
              0,
              "#0d0887"
             ],
             [
              0.1111111111111111,
              "#46039f"
             ],
             [
              0.2222222222222222,
              "#7201a8"
             ],
             [
